This folder: /home/daniella/Desktop/Untitled Folder

folderstamp version: r5
Method: Recursive

  File: ./.folderstamp
  Size: 95        	Blocks: 8          IO Block: 4096   regular file
Device: 8,54	Inode: 9306540     Links: 1
Access: (0664/-rw-rw-r--)  Uid: ( 1000/daniella)   Gid: ( 1000/daniella)
Access: 2024-06-06 00:17:57.242109463 -0300
Modify: 2024-06-06 00:17:57.267109203 -0300
Change: 2024-06-06 00:17:57.267109203 -0300
 Birth: 2024-06-06 00:17:57.242109463 -0300
IPFS hash: QmRPjxXvPbLUi3e2F1HBGP76JFv5TFT7qZ8r7NqJM7iRrN
------------------------------
  File: ./.folderstamp1
  Size: 521       	Blocks: 8          IO Block: 4096   regular file
Device: 8,54	Inode: 9306541     Links: 1
Access: (0664/-rw-rw-r--)  Uid: ( 1000/daniella)   Gid: ( 1000/daniella)
Access: 2024-06-06 00:17:51.735166776 -0300
Modify: 2024-06-06 00:17:51.851165567 -0300
Change: 2024-06-06 00:17:55.787124590 -0300
 Birth: 2024-06-06 00:17:51.735166776 -0300
IPFS hash: QmSNF6rPJqVHsiLBQQaE6V2KsZzoAzjvopsGdrEopU7UXy
------------------------------