This folder: /media/daniella/9C33-6BBD/SD-DO/&SDhsp/Untitled Folder

folderstamp version: r5
Method: Recursive

  File: ./.folderstamp1
  Size: 537       	Blocks: 512        IO Block: 262144 regular file
Device: 8,97	Inode: 212843      Links: 1
Access: (0755/-rwxr-xr-x)  Uid: ( 1000/daniella)   Gid: ( 1000/daniella)
Access: 2024-06-05 00:02:22.000000000 -0300
Modify: 2024-06-05 00:02:23.080000000 -0300
Change: 2024-06-05 00:02:26.950000000 -0300
 Birth: 2024-06-05 00:02:22.990000000 -0300
IPFS hash: QmYoaZ4URHX7UsjUt1gd9uhgh9MyvsDi6BAVVWtiKWNTkA
------------------------------
  File: ./.folderstamp
  Size: 582       	Blocks: 512        IO Block: 262144 regular file
Device: 8,97	Inode: 215668      Links: 1
Access: (0755/-rwxr-xr-x)  Uid: ( 1000/daniella)   Gid: ( 1000/daniella)
Access: 2024-06-05 00:02:30.000000000 -0300
Modify: 2024-06-05 00:02:31.430000000 -0300
Change: 2024-06-05 00:02:31.430000000 -0300
 Birth: 2024-06-05 00:02:31.210000000 -0300
IPFS hash: QmPfR34ELrCJFFFyq89QWzvabXj2vzdJ4WVhGJQ5onSWKP
------------------------------