This folder: /media/daniella/9C33-6BBD/SD-DO/&SDhsp/Untitled Folder

folderstamp version: r5
Method: Recursive

  File: ./.folderstamp1
  Size: 536       	Blocks: 512        IO Block: 262144 regular file
Device: 8,97	Inode: 364427      Links: 1
Access: (0755/-rwxr-xr-x)  Uid: ( 1000/daniella)   Gid: ( 1000/daniella)
Access: 2024-06-05 17:51:00.000000000 -0300
Modify: 2024-06-05 17:51:01.680000000 -0300
Change: 2024-06-05 17:51:07.150000000 -0300
 Birth: 2024-06-05 17:51:01.560000000 -0300
IPFS hash: Qmcu6ZnGeXSBwbi2DeJ1ffk5zeDBRFbLDS8d6rB5HdahXF
------------------------------
  File: ./.folderstamp
  Size: 582       	Blocks: 512        IO Block: 262144 regular file
Device: 8,97	Inode: 366023      Links: 1
Access: (0755/-rwxr-xr-x)  Uid: ( 1000/daniella)   Gid: ( 1000/daniella)
Access: 2024-06-05 17:51:08.000000000 -0300
Modify: 2024-06-05 17:51:08.350000000 -0300
Change: 2024-06-05 17:51:08.350000000 -0300
 Birth: 2024-06-05 17:51:08.240000000 -0300
IPFS hash: QmbJyShCjEeVCdpxYax74zsdKd1NHMvCJzUskwXWC5kJdy
------------------------------